# VALD3 extract
# Format: wavelength species EP loggf
# Isotopic scaling: not included
# Columns: lambda[A], species, E_low[eV], loggf

# --- Fe I ---
5247.050   26.0   0.087   -1.63
5250.209   26.0   0.121   -1.92
5328.039   26.0   0.915   -1.47
5415.199   26.0   4.386   -0.62
5434.524   26.0   1.011   -2.12
5446.917   26.0   0.990   -1.91
5455.609   26.0   1.011   -2.09
5497.516   26.0   1.011   -2.85
5501.465   26.0   0.958   -3.05
5569.618   26.0   3.417   -0.49

# --- Fe II ---
4923.927   26.1   2.891   -1.32
5018.440   26.1   2.891   -1.22
5169.033   26.1   2.891   -0.87
5197.577   26.1   3.230   -2.10
5234.625   26.1   3.221   -2.23

# --- Mg I ---
5167.321   12.0   2.709   -0.87
5172.684   12.0   2.712   -0.39
5183.604   12.0   2.717   -0.17
5528.405   12.0   4.346   -0.50
5711.088   12.0   4.346   -1.73

# --- Ca I ---
5588.749   20.0   2.526   -0.21
5590.114   20.0   2.521   -0.71
5594.462   20.0   2.523   -0.05
6102.723   20.0   1.879   -0.79
6122.217   20.0   1.886   -0.32

# --- Ti I ---
4981.731   22.0   0.848   -0.94
4991.065   22.0   0.836   -1.13
4999.503   22.0   0.826   -1.50
5007.210   22.0   0.818   -1.11
5020.026   22.0   0.836   -0.36

# --- Si I ---
5665.555   14.0   4.920   -1.98
5690.425   14.0   4.930   -1.77
5701.104   14.0   4.930   -1.95
5948.541   14.0   5.082   -1.23
6145.016   14.0   5.616   -0.82
